Full search's sequences:
 * 2 5 1 2 9 7 8 9 12 
 * 2 5 1 2 9 7 8 4 10 6 1 
 * 2 5 1 2 9 7 8 6 15 
 * 2 5 1 2 9 7 9 4 10 6 
 * 2 5 1 2 9 7 9 4 1 15 
 * 2 5 1 2 9 7 4 10 15 
 * 2 5 1 2 9 7 10 12 6 1 
 * 2 5 1 2 9 8 9 4 15 
 * 2 5 1 2 9 8 9 12 6 1 
 * 2 5 1 2 9 8 10 12 6 
 * 2 5 1 2 9 8 12 1 15 
 * 2 5 1 2 9 9 4 10 12 1 
 * 2 5 1 2 9 9 12 15 
 * 2 5 1 2 9 4 10 6 1 15 
 * 2 5 1 2 7 8 9 4 10 6 1 
 * 2 5 1 2 7 8 9 6 15 
 * 2 5 1 2 7 8 4 10 1 15 
 * 2 5 1 2 7 9 4 10 15 
 * 2 5 1 2 7 9 10 12 6 1 
 * 2 5 1 2 7 4 12 6 1 15 
 * 2 5 1 2 7 10 12 1 15 
 * 2 5 1 2 8 9 10 12 6 
 * 2 5 1 2 8 9 12 1 15 
 * 2 5 1 2 8 4 12 6 15 
 * 2 5 1 2 8 10 12 15 
 * 2 5 1 2 9 4 10 6 1 15 
 * 2 5 1 9 7 8 9 4 10 
 * 2 5 1 9 7 8 4 12 6 1 
 * 2 5 1 9 7 8 10 12 1 
 * 2 5 1 9 7 9 4 12 6 
 * 2 5 1 9 7 9 10 12 
 * 2 5 1 9 7 9 6 1 15 
 * 2 5 1 9 7 4 12 15 
 * 2 5 1 9 7 10 6 15 
 * 2 5 1 9 8 9 4 10 6 1 
 * 2 5 1 9 8 9 6 15 
 * 2 5 1 9 8 4 10 1 15 
 * 2 5 1 9 9 4 10 15 
 * 2 5 1 9 9 10 12 6 1 
 * 2 5 1 9 4 12 6 1 15 
 * 2 5 1 9 10 12 1 15 
 * 2 5 1 7 8 9 4 12 6 1 
 * 2 5 1 7 8 9 10 12 1 
 * 2 5 1 7 8 4 10 12 6 
 * 2 5 1 7 8 4 12 1 15 
 * 2 5 1 7 8 10 6 1 15 
 * 2 5 1 7 9 4 12 15 
 * 2 5 1 7 9 10 6 15 
 * 2 5 1 8 9 4 10 1 15 
 * 2 5 1 9 4 12 6 1 15 
 * 2 5 1 9 10 12 1 15 
 * 2 5 1 4 10 12 6 15 
 * 2 5 2 9 7 8 9 12 1 
 * 2 5 2 9 7 8 4 12 6 
 * 2 5 2 9 7 8 10 12 
 * 2 5 2 9 7 8 6 1 15 
 * 2 5 2 9 7 9 4 10 6 1 
 * 2 5 2 9 7 9 6 15 
 * 2 5 2 9 7 4 10 1 15 
 * 2 5 2 9 8 9 4 10 6 
 * 2 5 2 9 8 9 4 1 15 
 * 2 5 2 9 8 4 10 15 
 * 2 5 2 9 8 10 12 6 1 
 * 2 5 2 9 9 10 12 6 
 * 2 5 2 9 9 12 1 15 
 * 2 5 2 9 4 12 6 15 
 * 2 5 2 9 10 12 15 
 * 2 5 2 7 8 9 4 12 6 
 * 2 5 2 7 8 9 10 12 
 * 2 5 2 7 8 9 6 1 15 
 * 2 5 2 7 8 4 12 15 
 * 2 5 2 7 8 10 6 15 
 * 2 5 2 7 9 4 10 1 15 
 * 2 5 2 8 9 4 10 15 
 * 2 5 2 8 9 10 12 6 1 
 * 2 5 2 8 4 12 6 1 15 
 * 2 5 2 8 10 12 1 15 
 * 2 5 2 9 4 12 6 15 
 * 2 5 2 9 10 12 15 
 * 2 5 9 7 8 9 4 10 1 
 * 2 5 9 7 8 9 15 
 * 2 5 9 7 9 4 12 6 1 
 * 2 5 9 7 9 10 12 1 
 * 2 5 9 7 4 10 12 6 
 * 2 5 9 7 4 12 1 15 
 * 2 5 9 7 10 6 1 15 
 * 2 5 9 8 9 4 12 6 
 * 2 5 9 8 9 10 12 
 * 2 5 9 8 9 6 1 15 
 * 2 5 9 8 4 12 15 
 * 2 5 9 8 10 6 15 
 * 2 5 9 9 4 10 1 15 
 * 2 5 7 8 4 10 12 6 1 
 * 2 5 7 8 12 6 15 
 * 2 5 7 9 4 10 12 6 
 * 2 5 7 9 4 12 1 15 
 * 2 5 7 9 10 6 1 15 
 * 2 5 7 4 10 12 15 
 * 2 5 8 9 4 12 15 
 * 2 5 8 9 10 6 15 
 * 2 5 4 10 12 6 1 15 
 * 2 1 2 9 7 8 9 4 12 1 
 * 2 1 2 9 7 8 9 10 6 1 
 * 2 1 2 9 7 8 4 10 12 
 * 2 1 2 9 7 8 4 6 1 15 
 * 2 1 2 9 7 8 10 1 15 
 * 2 1 2 9 7 9 4 6 15 
 * 2 1 2 9 7 9 10 15 
 * 2 1 2 9 7 12 6 1 15 
 * 2 1 2 9 8 4 10 12 6 1 
 * 2 1 2 9 8 12 6 15 
 * 2 1 2 9 9 4 10 12 6 
 * 2 1 2 9 9 4 12 1 15 
 * 2 1 2 9 9 10 6 1 15 
 * 2 1 2 9 4 10 12 15 
 * 2 1 2 7 8 9 4 10 12 
 * 2 1 2 7 8 9 4 6 1 15 
 * 2 1 2 7 8 9 10 1 15 
 * 2 1 2 7 8 4 10 6 15 
 * 2 1 2 7 9 12 6 1 15 
 * 2 1 2 7 10 12 6 15 
 * 2 1 2 8 9 4 10 12 6 1 
 * 2 1 2 8 9 12 6 15 
 * 2 1 2 8 4 10 12 1 15 
 * 2 1 2 9 4 10 12 15 
 * 2 1 9 7 8 9 4 15 
 * 2 1 9 7 8 9 12 6 1 
 * 2 1 9 7 8 10 12 6 
 * 2 1 9 7 8 12 1 15 
 * 2 1 9 7 9 4 10 12 1 
 * 2 1 9 7 9 12 15 
 * 2 1 9 7 4 10 6 1 15 
 * 2 1 9 8 9 4 10 12 
 * 2 1 9 8 9 4 6 1 15 
 * 2 1 9 8 9 10 1 15 
 * 2 1 9 8 4 10 6 15 
 * 2 1 9 9 12 6 1 15 
 * 2 1 9 10 12 6 15 
 * 2 1 7 8 9 10 12 6 
 * 2 1 7 8 9 12 1 15 
 * 2 1 7 8 4 12 6 15 
 * 2 1 7 8 10 12 15 
 * 2 1 7 9 4 10 6 1 15 
 * 2 1 8 9 4 10 6 15 
 * 2 1 8 10 12 6 1 15 
 * 2 1 9 10 12 6 15 
 * 2 2 9 7 8 9 12 6 
 * 2 2 9 7 8 4 10 12 1 
 * 2 2 9 7 8 12 15 
 * 2 2 9 7 9 4 10 12 
 * 2 2 9 7 9 4 6 1 15 
 * 2 2 9 7 9 10 1 15 
 * 2 2 9 7 4 10 6 15 
 * 2 2 9 8 9 4 6 15 
 * 2 2 9 8 9 10 15 
 * 2 2 9 8 12 6 1 15 
 * 2 2 9 9 4 10 12 6 1 
 * 2 2 9 9 12 6 15 
 * 2 2 9 4 10 12 1 15 
 * 2 2 7 8 9 4 10 12 1 
 * 2 2 7 8 9 12 15 
 * 2 2 7 8 4 10 6 1 15 
 * 2 2 7 9 4 10 6 15 
 * 2 2 7 10 12 6 1 15 
 * 2 2 8 9 12 6 1 15 
 * 2 2 8 10 12 6 15 
 * 2 2 9 4 10 12 1 15 
 * 2 9 7 8 9 4 10 6 
 * 2 9 7 8 9 4 1 15 
 * 2 9 7 8 4 10 15 
 * 2 9 7 8 10 12 6 1 
 * 2 9 7 9 10 12 6 
 * 2 9 7 9 12 1 15 
 * 2 9 7 4 12 6 15 
 * 2 9 7 10 12 15 
 * 2 9 8 9 4 10 12 1 
 * 2 9 8 9 12 15 
 * 2 9 8 4 10 6 1 15 
 * 2 9 9 4 10 6 15 
 * 2 9 10 12 6 1 15 
 * 2 7 8 9 4 10 15 
 * 2 7 8 9 10 12 6 1 
 * 2 7 8 4 12 6 1 15 
 * 2 7 8 10 12 1 15 
 * 2 7 9 4 12 6 15 
 * 2 7 9 10 12 15 
 * 2 8 9 4 10 6 1 15 
 * 2 9 10 12 6 1 15 
 * 5 1 2 9 7 8 9 4 10 
 * 5 1 2 9 7 8 4 12 6 1 
 * 5 1 2 9 7 8 10 12 1 
 * 5 1 2 9 7 9 4 12 6 
 * 5 1 2 9 7 9 10 12 
 * 5 1 2 9 7 9 6 1 15 
 * 5 1 2 9 7 4 12 15 
 * 5 1 2 9 7 10 6 15 
 * 5 1 2 9 8 9 4 10 6 1 
 * 5 1 2 9 8 9 6 15 
 * 5 1 2 9 8 4 10 1 15 
 * 5 1 2 9 9 4 10 15 
 * 5 1 2 9 9 10 12 6 1 
 * 5 1 2 9 4 12 6 1 15 
 * 5 1 2 9 10 12 1 15 
 * 5 1 2 7 8 9 4 12 6 1 
 * 5 1 2 7 8 9 10 12 1 
 * 5 1 2 7 8 4 10 12 6 
 * 5 1 2 7 8 4 12 1 15 
 * 5 1 2 7 8 10 6 1 15 
 * 5 1 2 7 9 4 12 15 
 * 5 1 2 7 9 10 6 15 
 * 5 1 2 8 9 4 10 1 15 
 * 5 1 2 9 4 12 6 1 15 
 * 5 1 2 9 10 12 1 15 
 * 5 1 2 4 10 12 6 15 
 * 5 1 9 7 8 9 4 12 
 * 5 1 9 7 8 9 10 6 
 * 5 1 9 7 8 9 1 15 
 * 5 1 9 7 8 4 6 15 
 * 5 1 9 7 8 10 15 
 * 5 1 9 7 4 10 12 6 1 
 * 5 1 9 7 12 6 15 
 * 5 1 9 8 9 4 12 6 1 
 * 5 1 9 8 9 10 12 1 
 * 5 1 9 8 4 10 12 6 
 * 5 1 9 8 4 12 1 15 
 * 5 1 9 8 10 6 1 15 
 * 5 1 9 9 4 12 15 
 * 5 1 9 9 10 6 15 
 * 5 1 7 8 9 4 6 15 
 * 5 1 7 8 9 10 15 
 * 5 1 7 8 12 6 1 15 
 * 5 1 7 9 4 10 12 6 1 
 * 5 1 7 9 12 6 15 
 * 5 1 7 4 10 12 1 15 
 * 5 1 8 9 4 10 12 6 
 * 5 1 8 9 4 12 1 15 
 * 5 1 8 9 10 6 1 15 
 * 5 1 8 4 10 12 15 
 * 5 2 9 7 8 9 4 10 1 
 * 5 2 9 7 8 9 15 
 * 5 2 9 7 9 4 12 6 1 
 * 5 2 9 7 9 10 12 1 
 * 5 2 9 7 4 10 12 6 
 * 5 2 9 7 4 12 1 15 
 * 5 2 9 7 10 6 1 15 
 * 5 2 9 8 9 4 12 6 
 * 5 2 9 8 9 10 12 
 * 5 2 9 8 9 6 1 15 
 * 5 2 9 8 4 12 15 
 * 5 2 9 8 10 6 15 
 * 5 2 9 9 4 10 1 15 
 * 5 2 7 8 4 10 12 6 1 
 * 5 2 7 8 12 6 15 
 * 5 2 7 9 4 10 12 6 
 * 5 2 7 9 4 12 1 15 
 * 5 2 7 9 10 6 1 15 
 * 5 2 7 4 10 12 15 
 * 5 2 8 9 4 12 15 
 * 5 2 8 9 10 6 15 
 * 5 2 4 10 12 6 1 15 
 * 5 9 7 8 9 4 12 1 
 * 5 9 7 8 9 10 6 1 
 * 5 9 7 8 4 10 12 
 * 5 9 7 8 4 6 1 15 
 * 5 9 7 8 10 1 15 
 * 5 9 7 9 4 6 15 
 * 5 9 7 9 10 15 
 * 5 9 7 12 6 1 15 
 * 5 9 8 4 10 12 6 1 
 * 5 9 8 12 6 15 
 * 5 9 9 4 10 12 6 
 * 5 9 9 4 12 1 15 
 * 5 9 9 10 6 1 15 
 * 5 9 4 10 12 15 
 * 5 7 8 9 4 10 12 
 * 5 7 8 9 4 6 1 15 
 * 5 7 8 9 10 1 15 
 * 5 7 8 4 10 6 15 
 * 5 7 9 12 6 1 15 
 * 5 7 10 12 6 15 
 * 5 8 9 4 10 12 6 1 
 * 5 8 9 12 6 15 
 * 5 8 4 10 12 1 15 
 * 5 9 4 10 12 15 
 * 1 2 9 7 8 9 4 15 
 * 1 2 9 7 8 9 12 6 1 
 * 1 2 9 7 8 10 12 6 
 * 1 2 9 7 8 12 1 15 
 * 1 2 9 7 9 4 10 12 1 
 * 1 2 9 7 9 12 15 
 * 1 2 9 7 4 10 6 1 15 
 * 1 2 9 8 9 4 10 12 
 * 1 2 9 8 9 4 6 1 15 
 * 1 2 9 8 9 10 1 15 
 * 1 2 9 8 4 10 6 15 
 * 1 2 9 9 12 6 1 15 
 * 1 2 9 10 12 6 15 
 * 1 2 7 8 9 10 12 6 
 * 1 2 7 8 9 12 1 15 
 * 1 2 7 8 4 12 6 15 
 * 1 2 7 8 10 12 15 
 * 1 2 7 9 4 10 6 1 15 
 * 1 2 8 9 4 10 6 15 
 * 1 2 8 10 12 6 1 15 
 * 1 2 9 10 12 6 15 
 * 1 9 7 8 9 4 10 6 1 
 * 1 9 7 8 9 6 15 
 * 1 9 7 8 4 10 1 15 
 * 1 9 7 9 4 10 15 
 * 1 9 7 9 10 12 6 1 
 * 1 9 7 4 12 6 1 15 
 * 1 9 7 10 12 1 15 
 * 1 9 8 9 10 12 6 
 * 1 9 8 9 12 1 15 
 * 1 9 8 4 12 6 15 
 * 1 9 8 10 12 15 
 * 1 9 9 4 10 6 1 15 
 * 1 7 8 9 4 10 1 15 
 * 1 7 9 4 12 6 1 15 
 * 1 7 9 10 12 1 15 
 * 1 7 4 10 12 6 15 
 * 1 8 9 4 12 6 15 
 * 1 8 9 10 12 15 
 * 2 9 7 8 9 4 10 6 
 * 2 9 7 8 9 4 1 15 
 * 2 9 7 8 4 10 15 
 * 2 9 7 8 10 12 6 1 
 * 2 9 7 9 10 12 6 
 * 2 9 7 9 12 1 15 
 * 2 9 7 4 12 6 15 
 * 2 9 7 10 12 15 
 * 2 9 8 9 4 10 12 1 
 * 2 9 8 9 12 15 
 * 2 9 8 4 10 6 1 15 
 * 2 9 9 4 10 6 15 
 * 2 9 10 12 6 1 15 
 * 2 7 8 9 4 10 15 
 * 2 7 8 9 10 12 6 1 
 * 2 7 8 4 12 6 1 15 
 * 2 7 8 10 12 1 15 
 * 2 7 9 4 12 6 15 
 * 2 7 9 10 12 15 
 * 2 8 9 4 10 6 1 15 
 * 2 9 10 12 6 1 15 
 * 9 7 8 9 4 12 6 
 * 9 7 8 9 10 12 
 * 9 7 8 9 6 1 15 
 * 9 7 8 4 12 15 
 * 9 7 8 10 6 15 
 * 9 7 9 4 10 1 15 
 * 9 8 9 4 10 15 
 * 9 8 9 10 12 6 1 
 * 9 8 4 12 6 1 15 
 * 9 8 10 12 1 15 
 * 9 9 4 12 6 15 
 * 9 9 10 12 15 
 * 7 8 9 4 12 15 
 * 7 8 9 10 6 15 
 * 7 4 10 12 6 1 15 
 * 8 9 4 12 6 1 15 
 * 8 9 10 12 1 15 
 * 8 4 10 12 6 15 
The bad P: 0.000395914
The best P: 0.000871011
Average P: 0.0006339
