Pointer search's sequences:
 * 15 12 10 9 9 
 * 15 12 10 9 8 1 
 * 15 12 10 9 8 1 
 * 15 12 10 9 7 2 
 * 15 12 10 9 7 2 
 * 15 12 10 9 7 1 1 
 * 15 12 10 9 6 2 1 
 * 15 12 10 9 6 2 1 
 * 15 12 10 9 6 2 1 
 * 15 12 10 9 6 2 1 
 * 15 12 10 9 5 4 
 * 15 12 10 9 5 2 2 
 * 15 12 10 9 5 2 1 1 
 * 15 12 10 9 5 2 1 1 
 * 15 12 10 9 4 2 2 1 
 * 15 12 10 9 4 2 2 1 
 * 15 12 10 9 8 1 
 * 15 12 10 9 8 1 
 * 15 12 10 9 7 2 
 * 15 12 10 9 7 2 
 * 15 12 10 9 7 1 1 
 * 15 12 10 9 6 2 1 
 * 15 12 10 9 6 2 1 
 * 15 12 10 9 6 2 1 
 * 15 12 10 9 6 2 1 
 * 15 12 10 9 5 4 
 * 15 12 10 9 5 2 2 
 * 15 12 10 9 5 2 1 1 
 * 15 12 10 9 5 2 1 1 
 * 15 12 10 9 4 2 2 1 
 * 15 12 10 9 4 2 2 1 
 * 15 12 10 8 7 2 1 
 * 15 12 10 8 7 2 1 
 * 15 12 10 8 7 2 1 
 * 15 12 10 8 7 2 1 
 * 15 12 10 8 6 4 
 * 15 12 10 8 6 2 2 
 * 15 12 10 8 6 2 1 1 
 * 15 12 10 8 6 2 1 1 
 * 15 12 10 8 5 4 1 
 * 15 12 10 8 5 4 1 
 * 15 12 10 8 5 2 2 1 
 * 15 12 10 8 5 2 2 1 
 * 15 12 10 8 4 2 2 1 1 
 * 15 12 10 7 6 5 
 * 15 12 10 7 6 4 1 
 * 15 12 10 7 6 4 1 
 * 15 12 10 7 6 2 2 1 
 * 15 12 10 7 6 2 2 1 
 * 15 12 10 7 5 4 2 
 * 15 12 10 7 5 4 2 
 * 15 12 10 7 5 4 1 1 
 * 15 12 10 7 5 2 2 1 1 
 * 15 12 10 6 5 4 2 1 
 * 15 12 10 6 5 4 2 1 
 * 15 12 10 6 5 4 2 1 
 * 15 12 10 6 5 4 2 1 
 * 15 12 9 9 8 2 
 * 15 12 9 9 8 2 
 * 15 12 9 9 8 1 1 
 * 15 12 9 9 7 2 1 
 * 15 12 9 9 7 2 1 
 * 15 12 9 9 7 2 1 
 * 15 12 9 9 7 2 1 
 * 15 12 9 9 6 4 
 * 15 12 9 9 6 2 2 
 * 15 12 9 9 6 2 1 1 
 * 15 12 9 9 6 2 1 1 
 * 15 12 9 9 5 4 1 
 * 15 12 9 9 5 4 1 
 * 15 12 9 9 5 2 2 1 
 * 15 12 9 9 5 2 2 1 
 * 15 12 9 9 4 2 2 1 1 
 * 15 12 9 8 7 4 
 * 15 12 9 8 7 2 2 
 * 15 12 9 8 7 2 1 1 
 * 15 12 9 8 7 2 1 1 
 * 15 12 9 8 6 5 
 * 15 12 9 8 6 4 1 
 * 15 12 9 8 6 4 1 
 * 15 12 9 8 6 2 2 1 
 * 15 12 9 8 6 2 2 1 
 * 15 12 9 8 5 4 2 
 * 15 12 9 8 5 4 2 
 * 15 12 9 8 5 4 1 1 
 * 15 12 9 8 5 2 2 1 1 
 * 15 12 9 7 6 5 1 
 * 15 12 9 7 6 5 1 
 * 15 12 9 7 6 4 2 
 * 15 12 9 7 6 4 2 
 * 15 12 9 7 6 4 1 1 
 * 15 12 9 7 6 2 2 1 1 
 * 15 12 9 7 5 4 2 1 
 * 15 12 9 7 5 4 2 1 
 * 15 12 9 7 5 4 2 1 
 * 15 12 9 7 5 4 2 1 
 * 15 12 9 6 5 4 2 2 
 * 15 12 9 6 5 4 2 1 1 
 * 15 12 9 6 5 4 2 1 1 
 * 15 12 9 8 7 4 
 * 15 12 9 8 7 2 2 
 * 15 12 9 8 7 2 1 1 
 * 15 12 9 8 7 2 1 1 
 * 15 12 9 8 6 5 
 * 15 12 9 8 6 4 1 
 * 15 12 9 8 6 4 1 
 * 15 12 9 8 6 2 2 1 
 * 15 12 9 8 6 2 2 1 
 * 15 12 9 8 5 4 2 
 * 15 12 9 8 5 4 2 
 * 15 12 9 8 5 4 1 1 
 * 15 12 9 8 5 2 2 1 1 
 * 15 12 9 7 6 5 1 
 * 15 12 9 7 6 5 1 
 * 15 12 9 7 6 4 2 
 * 15 12 9 7 6 4 2 
 * 15 12 9 7 6 4 1 1 
 * 15 12 9 7 6 2 2 1 1 
 * 15 12 9 7 5 4 2 1 
 * 15 12 9 7 5 4 2 1 
 * 15 12 9 7 5 4 2 1 
 * 15 12 9 7 5 4 2 1 
 * 15 12 9 6 5 4 2 2 
 * 15 12 9 6 5 4 2 1 1 
 * 15 12 9 6 5 4 2 1 1 
 * 15 12 8 7 6 5 2 
 * 15 12 8 7 6 5 2 
 * 15 12 8 7 6 5 1 1 
 * 15 12 8 7 6 4 2 1 
 * 15 12 8 7 6 4 2 1 
 * 15 12 8 7 6 4 2 1 
 * 15 12 8 7 6 4 2 1 
 * 15 12 8 7 5 4 2 2 
 * 15 12 8 7 5 4 2 1 1 
 * 15 12 8 7 5 4 2 1 1 
 * 15 12 8 6 5 4 2 2 1 
 * 15 12 8 6 5 4 2 2 1 
 * 15 12 7 6 5 4 2 2 1 1 
 * 15 10 9 9 8 4 
 * 15 10 9 9 8 2 2 
 * 15 10 9 9 8 2 1 1 
 * 15 10 9 9 8 2 1 1 
 * 15 10 9 9 7 5 
 * 15 10 9 9 7 4 1 
 * 15 10 9 9 7 4 1 
 * 15 10 9 9 7 2 2 1 
 * 15 10 9 9 7 2 2 1 
 * 15 10 9 9 6 5 1 
 * 15 10 9 9 6 5 1 
 * 15 10 9 9 6 4 2 
 * 15 10 9 9 6 4 2 
 * 15 10 9 9 6 4 1 1 
 * 15 10 9 9 6 2 2 1 1 
 * 15 10 9 9 5 4 2 1 
 * 15 10 9 9 5 4 2 1 
 * 15 10 9 9 5 4 2 1 
 * 15 10 9 9 5 4 2 1 
 * 15 10 9 8 7 6 
 * 15 10 9 8 7 5 1 
 * 15 10 9 8 7 5 1 
 * 15 10 9 8 7 4 2 
 * 15 10 9 8 7 4 2 
 * 15 10 9 8 7 4 1 1 
 * 15 10 9 8 7 2 2 1 1 
 * 15 10 9 8 6 5 2 
 * 15 10 9 8 6 5 2 
 * 15 10 9 8 6 5 1 1 
 * 15 10 9 8 6 4 2 1 
 * 15 10 9 8 6 4 2 1 
 * 15 10 9 8 6 4 2 1 
 * 15 10 9 8 6 4 2 1 
 * 15 10 9 8 5 4 2 2 
 * 15 10 9 8 5 4 2 1 1 
 * 15 10 9 8 5 4 2 1 1 
 * 15 10 9 7 6 5 2 1 
 * 15 10 9 7 6 5 2 1 
 * 15 10 9 7 6 5 2 1 
 * 15 10 9 7 6 5 2 1 
 * 15 10 9 7 6 4 2 2 
 * 15 10 9 7 6 4 2 1 1 
 * 15 10 9 7 6 4 2 1 1 
 * 15 10 9 7 5 4 2 2 1 
 * 15 10 9 7 5 4 2 2 1 
 * 15 10 9 6 5 4 2 2 1 1 
 * 15 10 9 8 7 6 
 * 15 10 9 8 7 5 1 
 * 15 10 9 8 7 5 1 
 * 15 10 9 8 7 4 2 
 * 15 10 9 8 7 4 2 
 * 15 10 9 8 7 4 1 1 
 * 15 10 9 8 7 2 2 1 1 
 * 15 10 9 8 6 5 2 
 * 15 10 9 8 6 5 2 
 * 15 10 9 8 6 5 1 1 
 * 15 10 9 8 6 4 2 1 
 * 15 10 9 8 6 4 2 1 
 * 15 10 9 8 6 4 2 1 
 * 15 10 9 8 6 4 2 1 
 * 15 10 9 8 5 4 2 2 
 * 15 10 9 8 5 4 2 1 1 
 * 15 10 9 8 5 4 2 1 1 
 * 15 10 9 7 6 5 2 1 
 * 15 10 9 7 6 5 2 1 
 * 15 10 9 7 6 5 2 1 
 * 15 10 9 7 6 5 2 1 
 * 15 10 9 7 6 4 2 2 
 * 15 10 9 7 6 4 2 1 1 
 * 15 10 9 7 6 4 2 1 1 
 * 15 10 9 7 5 4 2 2 1 
 * 15 10 9 7 5 4 2 2 1 
 * 15 10 9 6 5 4 2 2 1 1 
 * 15 10 8 7 6 5 4 
 * 15 10 8 7 6 5 2 2 
 * 15 10 8 7 6 5 2 1 1 
 * 15 10 8 7 6 5 2 1 1 
 * 15 10 8 7 6 4 2 2 1 
 * 15 10 8 7 6 4 2 2 1 
 * 15 10 8 7 5 4 2 2 1 1 
 * 15 9 9 8 7 6 1 
 * 15 9 9 8 7 6 1 
 * 15 9 9 8 7 5 2 
 * 15 9 9 8 7 5 2 
 * 15 9 9 8 7 5 1 1 
 * 15 9 9 8 7 4 2 1 
 * 15 9 9 8 7 4 2 1 
 * 15 9 9 8 7 4 2 1 
 * 15 9 9 8 7 4 2 1 
 * 15 9 9 8 6 5 2 1 
 * 15 9 9 8 6 5 2 1 
 * 15 9 9 8 6 5 2 1 
 * 15 9 9 8 6 5 2 1 
 * 15 9 9 8 6 4 2 2 
 * 15 9 9 8 6 4 2 1 1 
 * 15 9 9 8 6 4 2 1 1 
 * 15 9 9 8 5 4 2 2 1 
 * 15 9 9 8 5 4 2 2 1 
 * 15 9 9 7 6 5 4 
 * 15 9 9 7 6 5 2 2 
 * 15 9 9 7 6 5 2 1 1 
 * 15 9 9 7 6 5 2 1 1 
 * 15 9 9 7 6 4 2 2 1 
 * 15 9 9 7 6 4 2 2 1 
 * 15 9 9 7 5 4 2 2 1 1 
 * 15 9 8 7 6 5 4 1 
 * 15 9 8 7 6 5 4 1 
 * 15 9 8 7 6 5 2 2 1 
 * 15 9 8 7 6 5 2 2 1 
 * 15 9 8 7 6 4 2 2 1 1 
 * 15 9 8 7 6 5 4 1 
 * 15 9 8 7 6 5 4 1 
 * 15 9 8 7 6 5 2 2 1 
 * 15 9 8 7 6 5 2 2 1 
 * 15 9 8 7 6 4 2 2 1 1 
 * 12 10 9 9 8 7 
 * 12 10 9 9 8 6 1 
 * 12 10 9 9 8 6 1 
 * 12 10 9 9 8 5 2 
 * 12 10 9 9 8 5 2 
 * 12 10 9 9 8 5 1 1 
 * 12 10 9 9 8 4 2 1 
 * 12 10 9 9 8 4 2 1 
 * 12 10 9 9 8 4 2 1 
 * 12 10 9 9 8 4 2 1 
 * 12 10 9 9 7 6 2 
 * 12 10 9 9 7 6 2 
 * 12 10 9 9 7 6 1 1 
 * 12 10 9 9 7 5 2 1 
 * 12 10 9 9 7 5 2 1 
 * 12 10 9 9 7 5 2 1 
 * 12 10 9 9 7 5 2 1 
 * 12 10 9 9 7 4 2 2 
 * 12 10 9 9 7 4 2 1 1 
 * 12 10 9 9 7 4 2 1 1 
 * 12 10 9 9 6 5 4 
 * 12 10 9 9 6 5 2 2 
 * 12 10 9 9 6 5 2 1 1 
 * 12 10 9 9 6 5 2 1 1 
 * 12 10 9 9 6 4 2 2 1 
 * 12 10 9 9 6 4 2 2 1 
 * 12 10 9 9 5 4 2 2 1 1 
 * 12 10 9 8 7 6 2 1 
 * 12 10 9 8 7 6 2 1 
 * 12 10 9 8 7 6 2 1 
 * 12 10 9 8 7 6 2 1 
 * 12 10 9 8 7 5 4 
 * 12 10 9 8 7 5 2 2 
 * 12 10 9 8 7 5 2 1 1 
 * 12 10 9 8 7 5 2 1 1 
 * 12 10 9 8 7 4 2 2 1 
 * 12 10 9 8 7 4 2 2 1 
 * 12 10 9 8 6 5 4 1 
 * 12 10 9 8 6 5 4 1 
 * 12 10 9 8 6 5 2 2 1 
 * 12 10 9 8 6 5 2 2 1 
 * 12 10 9 8 6 4 2 2 1 1 
 * 12 10 9 7 6 5 4 2 
 * 12 10 9 7 6 5 4 2 
 * 12 10 9 7 6 5 4 1 1 
 * 12 10 9 7 6 5 2 2 1 1 
 * 12 10 9 8 7 6 2 1 
 * 12 10 9 8 7 6 2 1 
 * 12 10 9 8 7 6 2 1 
 * 12 10 9 8 7 6 2 1 
 * 12 10 9 8 7 5 4 
 * 12 10 9 8 7 5 2 2 
 * 12 10 9 8 7 5 2 1 1 
 * 12 10 9 8 7 5 2 1 1 
 * 12 10 9 8 7 4 2 2 1 
 * 12 10 9 8 7 4 2 2 1 
 * 12 10 9 8 6 5 4 1 
 * 12 10 9 8 6 5 4 1 
 * 12 10 9 8 6 5 2 2 1 
 * 12 10 9 8 6 5 2 2 1 
 * 12 10 9 8 6 4 2 2 1 1 
 * 12 10 9 7 6 5 4 2 
 * 12 10 9 7 6 5 4 2 
 * 12 10 9 7 6 5 4 1 1 
 * 12 10 9 7 6 5 2 2 1 1 
 * 12 10 8 7 6 5 4 2 1 
 * 12 10 8 7 6 5 4 2 1 
 * 12 10 8 7 6 5 4 2 1 
 * 12 10 8 7 6 5 4 2 1 
 * 12 9 9 8 7 6 4 
 * 12 9 9 8 7 6 2 2 
 * 12 9 9 8 7 6 2 1 1 
 * 12 9 9 8 7 6 2 1 1 
 * 12 9 9 8 7 5 4 1 
 * 12 9 9 8 7 5 4 1 
 * 12 9 9 8 7 5 2 2 1 
 * 12 9 9 8 7 5 2 2 1 
 * 12 9 9 8 7 4 2 2 1 1 
 * 12 9 9 8 6 5 4 2 
 * 12 9 9 8 6 5 4 2 
 * 12 9 9 8 6 5 4 1 1 
 * 12 9 9 8 6 5 2 2 1 1 
 * 12 9 9 7 6 5 4 2 1 
 * 12 9 9 7 6 5 4 2 1 
 * 12 9 9 7 6 5 4 2 1 
 * 12 9 9 7 6 5 4 2 1 
 * 12 9 8 7 6 5 4 2 2 
 * 12 9 8 7 6 5 4 2 1 1 
 * 12 9 8 7 6 5 4 2 1 1 
 * 12 9 8 7 6 5 4 2 2 
 * 12 9 8 7 6 5 4 2 1 1 
 * 12 9 8 7 6 5 4 2 1 1 
 * 10 9 9 8 7 6 5 1 
 * 10 9 9 8 7 6 5 1 
 * 10 9 9 8 7 6 4 2 
 * 10 9 9 8 7 6 4 2 
 * 10 9 9 8 7 6 4 1 1 
 * 10 9 9 8 7 6 2 2 1 1 
 * 10 9 9 8 7 5 4 2 1 
 * 10 9 9 8 7 5 4 2 1 
 * 10 9 9 8 7 5 4 2 1 
 * 10 9 9 8 7 5 4 2 1 
 * 10 9 9 8 6 5 4 2 2 
 * 10 9 9 8 6 5 4 2 1 1 
 * 10 9 9 8 6 5 4 2 1 1 
 * 10 9 9 7 6 5 4 2 2 1 
 * 10 9 9 7 6 5 4 2 2 1 
 * 10 9 8 7 6 5 4 2 2 1 1 
 * 10 9 8 7 6 5 4 2 2 1 1 
The bad P: 0.000395914
The best P: 0.000871011
Average P: 0.0006339
